<?xml version="1.0" encoding="UTF-8" standalone="no"?>
<!DOCTYPE svg PUBLIC "-//W3C//DTD SVG 20010904//EN"
              "http://www.w3.org/TR/2001/REC-SVG-20010904/DTD/svg10.dtd">

<svg xmlns="http://www.w3.org/2000/svg"
     width="6.4in" height="3.6in"
     viewBox="0 0 1920 1080">
  <path id="Ścieżka #4"
        fill="none" stroke="black" stroke-width="1"
        d="M 1269.88,421.25
           C 1269.88,421.25 1270.25,413.38 1270.25,413.50
             1270.25,413.62 1271.75,407.00 1271.75,407.00
             1271.75,407.00 1274.38,403.00 1274.38,403.00
             1274.38,403.00 1277.62,398.50 1277.62,398.50
             1277.62,398.50 1280.25,395.62 1280.38,395.62
             1280.50,395.62 1286.38,391.25 1286.50,391.12
             1286.62,391.00 1292.75,387.38 1292.75,387.38
             1292.75,387.38 1299.25,384.75 1299.38,384.75
             1299.50,384.75 1307.25,382.12 1307.25,382.12
             1307.25,382.12 1311.62,381.62 1311.88,381.62
             1312.12,381.62 1319.25,381.62 1319.25,381.62
             1319.25,381.62 1324.88,381.62 1325.00,381.62
             1325.12,381.62 1329.50,381.62 1329.50,381.62
             1329.50,381.62 1336.25,382.75 1336.38,382.75
             1336.50,382.75 1344.50,383.50 1344.62,383.50
             1344.75,383.50 1348.12,384.38 1348.62,384.50
             1349.12,384.62 1354.88,386.38 1355.00,386.38
             1355.12,386.38 1364.22,390.09 1364.22,390.09
             1364.22,390.09 1368.09,391.91 1368.13,391.91
             1368.17,391.91 1370.96,393.91 1370.96,393.91
             1370.96,393.91 1373.26,395.52 1373.26,395.52
             1373.26,395.52 1376.43,397.78 1376.43,397.78
             1376.43,397.78 1377.91,400.00 1377.96,400.04
             1378.00,400.09 1380.04,403.13 1380.09,403.17
             1380.13,403.22 1382.13,407.00 1382.13,407.00
             1382.13,407.00 1383.48,409.22 1383.52,409.22
             1383.57,409.22 1383.73,416.73 1383.73,416.73
             1383.73,416.73 1380.64,416.55 1380.64,416.55
             1380.64,416.55 1372.09,416.27 1372.09,416.27
             1372.09,416.27 1362.09,417.64 1362.09,417.64
             1362.09,417.64 1352.09,419.00 1352.09,419.00
             1352.09,419.00 1337.73,419.91 1337.73,419.91
             1337.73,419.91 1322.64,419.55 1322.64,419.55
             1322.64,419.55 1315.36,420.64 1315.27,420.64
             1315.18,420.64 1303.45,420.91 1303.45,421.00
             1303.45,421.09 1287.39,421.35 1287.39,421.35
             1287.39,421.35 1269.86,421.21 1269.86,421.25M 1358.38,348.50
           C 1358.38,348.50 1366.75,355.25 1366.75,355.25
             1366.75,355.25 1375.50,361.62 1375.62,361.75
             1375.75,361.88 1391.62,373.25 1391.75,373.38
             1391.88,373.50 1400.50,377.62 1400.62,377.75
             1400.75,377.88 1431.75,379.00 1432.00,379.00
             1432.25,379.00 1444.25,380.50 1444.62,380.50
             1445.00,380.50 1450.38,381.12 1450.38,381.12
             1450.38,381.12 1426.50,370.12 1425.88,369.62
             1425.25,369.12 1410.75,363.88 1410.50,363.75
             1410.25,363.62 1395.25,358.25 1394.88,358.25
             1394.50,358.25 1384.12,354.00 1383.38,353.88
             1382.62,353.75 1373.75,350.38 1372.88,350.25
             1372.00,350.12 1358.49,348.49 1358.37,348.49M 1259.00,437.00
           C 1259.12,437.00 1241.75,438.38 1241.75,438.38
             1241.75,438.38 1221.00,440.12 1221.00,440.12
             1221.00,440.12 1224.50,458.00 1224.62,458.00
             1224.75,458.00 1228.00,476.00 1228.00,476.00
             1228.00,476.00 1230.50,490.25 1230.75,490.25
             1231.00,490.25 1232.12,506.00 1232.12,506.00
             1232.12,506.00 1233.50,522.38 1233.50,522.38
             1233.50,522.38 1234.50,536.38 1234.50,536.38
             1234.50,536.38 1235.62,551.25 1235.62,551.25
             1235.62,551.25 1236.25,571.62 1236.25,571.62
             1236.25,571.62 1236.62,593.88 1236.62,593.88
             1236.62,593.88 1237.00,614.88 1237.00,614.88
             1237.00,614.88 1235.88,639.00 1235.88,639.00
             1235.88,639.00 1233.75,680.88 1233.75,680.88
             1233.75,680.88 1234.62,710.25 1234.62,710.25
             1234.62,710.25 1347.00,679.38 1347.00,679.38
             1347.00,679.38 1404.50,659.38 1404.50,659.38
             1404.50,659.38 1416.50,650.12 1416.50,650.12
             1416.50,650.12 1423.74,640.87 1423.74,640.87
             1423.74,640.87 1430.91,628.48 1431.00,628.48
             1431.09,628.48 1459.45,539.09 1459.45,539.09
             1459.45,539.09 1463.82,513.09 1463.82,513.09
             1463.82,513.09 1466.36,504.73 1466.36,504.73
             1466.36,504.73 1471.09,496.91 1471.09,496.91
             1471.09,496.91 1478.00,489.27 1478.00,489.27
             1478.00,489.27 1479.82,484.18 1479.82,484.18
             1479.82,484.18 1479.64,476.00 1479.64,476.00
             1479.64,476.00 1476.55,462.55 1476.55,462.55
             1476.55,462.55 1472.18,449.82 1472.18,449.82
             1472.18,449.82 1466.73,442.91 1466.73,442.55
             1466.73,442.18 1462.00,436.55 1462.00,436.55
             1462.00,436.55 1456.55,432.91 1456.55,432.91
             1456.55,432.91 1449.45,426.73 1448.91,426.36
             1448.36,426.00 1440.36,422.91 1440.36,422.91
             1440.36,422.91 1428.36,416.36 1428.36,416.36
             1428.36,416.36 1423.27,414.36 1423.27,414.36
             1423.27,414.36 1384.00,421.64 1384.00,421.64
             1384.00,421.64 1376.25,426.06 1376.25,426.06
             1376.25,426.06 1370.69,430.06 1370.62,430.06
             1370.56,430.06 1360.75,433.94 1360.62,434.06
             1360.50,434.19 1346.12,436.75 1346.12,436.81
             1346.12,436.88 1334.31,438.31 1334.31,438.31
             1334.31,438.31 1325.25,439.62 1325.25,439.69
             1325.25,439.75 1318.06,443.69 1318.00,443.75
             1317.94,443.81 1313.25,447.44 1313.06,447.62
             1312.88,447.81 1308.44,451.38 1307.94,451.69
             1307.44,452.00 1301.81,455.00 1301.75,455.06
             1301.69,455.12 1299.44,458.69 1299.19,458.81
             1298.94,458.94 1295.56,461.69 1295.31,461.81
             1295.06,461.94 1290.62,464.38 1290.62,464.50
             1290.62,464.62 1288.38,466.38 1288.25,466.44
             1288.12,466.50 1273.88,466.81 1273.88,466.94
             1273.88,467.06 1269.50,462.38 1269.25,462.25
             1269.00,462.12 1264.75,457.69 1264.56,457.69
             1264.38,457.69 1261.44,456.50 1261.19,456.12
             1260.94,455.75 1258.31,452.69 1258.19,452.56
             1258.06,452.44 1254.31,448.19 1254.31,448.19
             1254.31,448.19 1253.25,444.44 1253.25,444.44
             1253.25,444.44 1257.56,442.25 1257.88,441.94
             1258.19,441.62 1260.31,438.94 1260.31,438.94
             1260.31,438.94 1258.95,436.99 1259.01,436.99M 1482.36,489.82
           C 1482.36,489.82 1478.00,494.91 1478.00,495.09
             1478.00,495.27 1472.73,502.18 1472.55,502.18
             1472.36,502.18 1468.91,511.09 1468.91,511.09
             1468.91,511.09 1465.45,523.09 1465.45,523.09
             1465.45,523.09 1463.64,534.00 1463.64,534.00
             1463.64,534.00 1457.09,560.73 1457.09,560.73
             1457.09,560.73 1454.91,572.73 1454.91,572.73
             1454.91,572.73 1453.64,580.36 1453.45,580.36
             1453.27,580.36 1449.64,588.73 1449.64,588.91
             1449.64,589.09 1447.64,598.91 1447.64,599.09
             1447.64,599.27 1442.91,624.00 1442.91,624.18
             1442.91,624.36 1441.64,634.36 1441.64,634.55
             1441.64,634.73 1443.64,642.18 1443.64,642.18
             1443.64,642.18 1445.27,645.64 1445.64,645.64
             1446.00,645.64 1453.82,643.82 1454.00,643.82
             1454.18,643.82 1462.00,639.64 1462.00,639.64
             1462.00,639.64 1473.64,631.09 1473.64,631.09
             1473.64,631.09 1484.73,614.18 1484.73,614.18
             1484.73,614.18 1493.64,596.36 1493.64,596.36
             1493.64,596.36 1503.27,562.55 1503.27,562.55
             1503.27,562.55 1509.09,538.73 1509.09,538.73
             1509.09,538.73 1512.73,523.09 1512.73,523.09
             1512.73,523.09 1514.18,495.09 1514.36,495.09
             1514.55,495.09 1505.09,488.18 1505.09,488.18
             1505.09,488.18 1490.73,488.73 1490.73,488.73
             1490.73,488.73 1480.64,484.82 1480.64,484.82
             1480.64,484.82 1481.00,476.45 1481.09,476.45
             1481.18,476.45 1490.45,474.73 1490.45,474.73
             1490.45,474.73 1502.36,473.55 1502.45,473.55
             1502.55,473.55 1512.73,471.73 1512.73,471.73
             1512.73,471.73 1520.82,471.27 1520.82,471.27
             1520.82,471.27 1528.36,470.45 1528.36,470.55
             1528.36,470.64 1540.09,471.00 1540.18,471.00
             1540.27,471.00 1545.00,471.91 1545.09,472.00
             1545.18,472.09 1549.55,474.27 1549.64,474.27
             1549.73,474.27 1554.36,475.73 1554.36,475.73
             1554.36,475.73 1559.18,478.09 1559.27,478.18
             1559.36,478.27 1563.00,480.55 1563.09,480.64
             1563.18,480.73 1566.09,482.91 1566.18,483.00
             1566.27,483.09 1564.09,487.82 1564.09,487.82
             1564.09,487.82 1561.55,491.73 1561.55,491.82
             1561.55,491.91 1558.45,496.82 1558.45,496.91
             1558.45,497.00 1556.09,502.00 1556.09,502.09
             1556.09,502.18 1552.82,510.45 1552.82,510.45
             1552.82,510.45 1548.82,519.82 1548.82,519.82
             1548.82,519.82 1546.36,528.09 1546.36,528.09
             1546.36,528.09 1543.45,540.45 1543.45,540.45
             1543.45,540.45 1542.36,548.27 1542.36,548.36
             1542.36,548.45 1540.64,555.27 1540.64,555.36
             1540.64,555.45 1538.64,564.00 1538.64,564.09
             1538.64,564.18 1536.82,576.64 1536.82,576.64
             1536.82,576.64 1536.09,584.73 1536.09,584.73
             1536.09,584.73 1535.09,597.18 1535.09,597.18
             1535.09,597.18 1534.00,609.36 1534.00,609.36
             1534.00,609.36 1532.91,622.91 1532.91,623.00
             1532.91,623.09 1532.18,636.36 1532.27,636.36
             1532.36,636.36 1531.27,648.55 1531.27,648.55
             1531.27,648.55 1529.73,663.91 1529.73,663.91
             1529.73,663.91 1527.91,678.27 1527.91,678.27
             1527.91,678.27 1526.00,685.55 1526.00,685.55
             1526.00,685.55 1521.55,692.09 1521.55,692.18
             1521.55,692.27 1511.82,695.55 1511.73,695.55
             1511.64,695.55 1499.55,697.18 1499.45,697.18
             1499.36,697.18 1480.50,700.50 1480.50,700.50
             1480.50,700.50 1464.00,706.00 1463.50,705.75
             1463.00,705.50 1450.75,709.75 1450.00,709.75
             1449.25,709.75 1427.00,715.25 1426.75,715.25
             1426.50,715.25 1411.25,718.50 1411.00,718.75
             1410.75,719.00 1391.00,722.75 1390.75,722.75
             1390.50,722.75 1381.25,725.75 1379.75,726.25
             1378.25,726.75 1362.25,730.75 1362.00,731.00
             1361.75,731.25 1326.55,739.82 1326.45,740.00
             1326.36,740.18 1307.36,743.91 1307.36,743.91
             1307.36,743.91 1263.82,756.36 1263.82,756.36
             1263.82,756.36 1236.36,762.73 1236.27,762.73
             1236.18,762.73 1207.18,771.55 1206.82,771.82
             1206.45,772.09 1200.91,774.64 1200.91,774.64
             1200.91,774.64 1208.91,752.36 1208.91,752.36
             1208.91,752.36 1213.45,734.73 1213.45,734.73
             1213.45,734.73 1214.18,722.27 1214.18,722.27
             1214.18,722.27 1233.45,714.73 1233.45,714.73
             1233.45,714.73 1258.64,707.64 1258.64,707.64
             1258.64,707.64 1273.18,703.91 1273.27,703.82
             1273.36,703.73 1280.55,701.00 1280.64,701.00
             1280.73,701.00 1286.91,699.73 1287.00,699.73
             1287.09,699.73 1295.36,697.00 1295.36,697.18
             1295.36,697.36 1304.64,694.91 1304.73,694.91
             1304.82,694.91 1318.36,691.64 1318.55,691.64
             1318.73,691.64 1328.73,689.27 1328.82,689.18
             1328.91,689.09 1340.00,685.45 1340.00,685.45
             1340.00,685.45 1349.00,683.82 1349.09,683.82
             1349.18,683.82 1360.36,679.64 1360.36,679.64
             1360.36,679.64 1382.22,673.04 1382.22,673.04
             1382.22,673.04 1394.78,668.26 1394.96,668.26
             1395.13,668.26 1403.39,664.43 1403.39,664.43
             1403.39,664.43 1415.00,657.36 1415.00,657.36
             1415.00,657.36 1423.09,649.64 1423.09,649.64
             1423.09,649.64 1431.91,631.73 1431.91,631.73
             1431.91,631.73 1436.09,619.36 1436.09,619.36
             1436.09,619.36 1443.30,599.78 1443.35,599.70
             1443.39,599.61 1448.35,583.00 1448.39,582.96
             1448.43,582.91 1453.43,563.91 1453.43,563.91
             1453.43,563.91 1454.52,558.83 1454.52,558.78
             1454.52,558.74 1454.49,556.24 1454.49,556.24
             1454.49,556.24 1456.38,550.49 1456.38,550.49
             1456.38,550.49 1458.53,544.42 1458.53,544.42
             1458.53,544.42 1460.51,538.76 1460.51,538.76
             1460.51,538.76 1461.20,531.73 1461.20,531.73
             1461.20,531.73 1462.44,523.29 1462.44,523.29
             1462.44,523.29 1463.78,516.76 1463.78,516.76
             1463.78,516.76 1464.98,511.84 1464.98,511.84
             1464.98,511.84 1466.53,506.13 1466.56,506.11
             1466.58,506.09 1469.07,502.51 1469.07,502.51
             1469.07,502.51 1471.13,498.20 1471.13,498.20
             1471.13,498.20 1474.40,494.31 1474.44,494.27
             1474.49,494.22 1477.07,491.58 1477.07,491.58
             1477.07,491.58 1479.31,487.24 1479.31,487.24
             1479.31,487.24 1480.02,485.49 1480.02,485.49
             1480.02,485.49 1482.04,486.44 1482.04,486.44
             1482.04,486.44 1485.80,488.22 1485.82,488.22
             1485.84,488.22 1486.84,488.96 1486.87,488.96
             1486.89,488.96 1482.33,489.82 1482.33,489.82M 1471.64,387.27
           C 1471.82,387.27 1476.91,389.64 1476.91,389.64
             1476.91,389.64 1477.64,392.18 1477.82,392.36
             1478.00,392.55 1476.73,395.09 1476.73,395.09
             1476.73,395.09 1473.82,397.64 1473.45,397.64
             1473.09,397.64 1467.27,400.55 1466.91,400.55
             1466.55,400.55 1458.00,403.45 1457.45,403.64
             1456.91,403.82 1447.45,406.73 1447.09,406.73
             1446.73,406.73 1436.36,409.82 1436.18,409.82
             1436.00,409.82 1425.09,413.64 1425.09,413.64
             1425.09,413.64 1430.59,416.94 1430.59,416.94
             1430.59,416.94 1434.62,419.00 1434.62,419.00
             1434.62,419.00 1437.00,420.62 1437.03,420.62
             1437.06,420.62 1442.00,422.69 1442.03,422.69
             1446.73,419.67 1455.71,428.11 1455.87,428.17
             1456.03,428.24 1468.09,439.26 1468.09,439.26
             1468.09,439.26 1472.30,445.91 1472.35,445.96
             1472.39,446.00 1473.78,449.30 1473.96,450.00
             1474.13,450.70 1475.48,454.35 1475.65,454.70
             1475.83,455.04 1477.48,458.22 1477.52,458.35
             1477.57,458.48 1481.09,470.73 1481.09,470.73
             1481.09,470.73 1481.27,473.45 1481.27,473.45
             1481.27,473.45 1493.27,471.36 1493.36,471.36
             1493.45,471.36 1500.27,470.73 1500.27,470.73
             1500.27,470.73 1508.73,470.00 1508.82,470.00
             1508.91,470.00 1512.64,468.73 1512.82,468.73
             1513.00,468.73 1520.45,468.18 1520.64,468.18
             1520.82,468.18 1527.73,467.91 1527.82,467.91
             1527.91,467.91 1535.82,467.82 1536.27,467.82
             1536.73,467.82 1542.64,467.91 1542.73,467.91
             1542.82,467.91 1545.73,469.18 1546.18,469.27
             1546.64,469.36 1552.45,471.45 1552.64,471.45
             1552.82,471.45 1558.27,473.36 1558.27,473.45
             1558.27,473.55 1561.64,475.64 1561.73,475.73
             1561.82,475.82 1569.09,480.82 1569.18,480.82
             1569.27,480.82 1579.00,472.45 1579.00,472.45
             1579.00,472.45 1582.91,469.00 1582.91,469.00
             1582.91,469.00 1586.36,468.00 1586.73,467.91
             1587.09,467.82 1590.36,467.09 1590.64,467.09
             1590.91,467.09 1595.00,466.91 1595.00,466.91
             1595.00,466.91 1599.18,467.27 1599.27,467.27
             1599.36,467.27 1603.55,468.45 1603.55,468.45
             1603.55,468.45 1606.45,469.64 1606.45,469.64
             1606.45,469.64 1609.45,471.36 1609.45,471.36
             1609.45,471.36 1612.55,474.09 1612.55,474.09
             1612.55,474.09 1615.45,476.18 1615.45,476.18
             1615.45,476.18 1617.64,478.73 1617.73,478.73
             1617.82,478.73 1619.45,481.09 1619.45,481.09
             1619.45,481.09 1621.45,484.45 1621.55,484.55
             1621.64,484.64 1623.36,487.36 1623.36,487.36
             1623.36,487.36 1627.00,493.73 1627.00,493.82
             1627.00,493.91 1630.64,503.18 1630.73,503.18
             1630.82,503.18 1632.73,508.91 1632.82,508.91
             1632.91,508.91 1634.45,515.91 1634.45,516.00
             1634.45,516.09 1637.25,526.62 1637.25,526.62
             1637.25,526.62 1637.75,534.00 1638.00,534.25
             1638.25,534.50 1638.50,545.12 1638.50,545.12
             1638.50,545.12 1638.50,559.88 1638.50,560.00
             1638.50,560.12 1638.12,576.62 1638.12,576.75
             1638.12,576.88 1637.12,583.00 1637.12,583.25
             1637.12,583.50 1637.00,592.12 1637.00,592.25
             1637.00,592.38 1637.50,602.75 1637.50,602.75
             1637.50,602.75 1641.75,590.12 1641.75,590.12
             1641.75,590.12 1642.00,575.25 1642.00,575.25
             1642.00,575.25 1642.75,543.12 1642.75,543.12
             1642.75,543.12 1642.75,519.50 1642.75,519.50
             1642.75,519.50 1639.88,497.38 1639.88,497.38
             1639.88,497.38 1637.88,483.38 1637.88,483.38
             1637.88,483.38 1633.25,474.25 1633.25,474.12
             1633.25,474.00 1629.38,469.12 1629.38,469.12
             1629.38,469.12 1624.00,461.38 1624.00,461.38
             1624.00,461.38 1615.88,447.62 1615.88,447.62
             1615.88,447.62 1611.00,439.75 1611.00,439.75
             1611.00,439.75 1607.25,425.62 1607.25,425.62
             1607.25,425.62 1598.25,414.00 1598.25,414.00
             1598.25,414.00 1586.50,404.00 1586.50,404.00
             1586.50,404.00 1576.12,398.00 1576.12,398.00
             1576.12,398.00 1562.75,394.25 1562.75,394.25
             1562.75,394.25 1551.12,392.50 1551.12,392.38
             1551.12,392.25 1520.81,389.31 1520.81,389.31
             1520.81,389.31 1505.44,390.25 1505.44,390.25
             1505.44,390.25 1489.12,389.88 1489.12,389.88
             1489.12,389.88 1482.19,388.19 1482.19,388.19
             1482.19,388.19 1473.25,386.56 1473.25,386.56
             1473.25,386.56 1471.62,387.28 1471.62,387.28M 1291.79,441.69
           C 1291.79,441.69 1291.52,441.61 1291.39,441.61
             1291.26,441.61 1287.30,440.22 1287.30,440.22
             1287.30,440.22 1283.61,444.43 1283.61,444.43
             1283.61,444.43 1285.52,447.22 1285.57,447.22
             1285.61,447.22 1289.83,444.30 1289.83,444.30
             1289.83,444.30 1291.75,441.69 1291.79,441.69M 1217.59,437.66
           C 1217.59,437.66 1220.25,430.28 1220.31,430.28
             1220.38,430.28 1223.41,420.49 1223.41,420.49
             1223.41,420.49 1224.31,417.71 1224.31,417.71
             1224.31,417.71 1229.82,399.18 1229.91,399.18
             1230.00,399.18 1235.09,384.00 1235.09,384.00
             1235.09,384.00 1239.55,371.27 1239.55,371.27
             1239.55,371.27 1248.36,347.55 1248.36,347.55
             1248.36,347.55 1251.82,335.00 1252.00,335.00
             1252.18,335.00 1256.45,324.91 1256.45,324.91
             1256.45,324.91 1256.64,318.45 1256.64,318.45
             1256.64,318.45 1252.09,312.27 1252.09,312.18
             1252.09,312.09 1245.82,306.00 1245.82,306.00
             1245.82,306.00 1238.82,302.18 1238.82,302.18
             1238.82,302.18 1228.82,298.00 1228.73,298.00
             1228.64,298.00 1217.27,294.00 1217.27,294.00
             1217.27,294.00 1182.64,287.27 1182.55,287.27
             1182.45,287.27 1167.45,285.45 1167.45,285.45
             1167.45,285.45 1154.45,284.00 1154.45,284.00
             1154.45,284.00 1145.64,283.18 1145.64,283.18
             1145.64,283.18 1138.45,283.36 1138.45,283.36
             1138.45,283.36 1132.64,282.64 1132.64,282.64
             1132.64,282.64 1108.73,281.00 1108.73,281.00
             1108.73,281.00 1093.82,280.27 1093.82,280.27
             1093.82,280.27 1082.55,280.55 1082.36,280.55
             1082.18,280.55 1068.09,280.45 1068.09,280.45
             1068.09,280.45 1028.64,280.27 1028.64,280.27
             1028.64,280.27 1006.36,280.73 1006.36,280.73
             1006.36,280.73 992.73,281.64 992.73,281.64
             992.73,281.64 968.36,282.73 968.45,282.73
             968.55,282.73 949.18,284.09 949.18,284.09
             949.18,284.09 938.36,285.09 938.27,285.09
             938.18,285.09 929.73,286.18 929.55,286.18
             929.36,286.18 920.64,287.45 920.64,287.45
             920.64,287.45 889.73,291.27 889.64,291.36
             889.55,291.45 873.91,294.73 873.91,294.73
             873.91,294.73 840.18,307.09 840.18,307.27
             840.18,307.45 844.91,307.18 844.91,307.18
             844.91,307.18 853.91,303.45 854.00,303.45
             854.09,303.45 860.00,301.55 860.09,301.55
             860.18,301.55 869.00,299.45 869.00,299.45
             869.00,299.45 877.18,297.73 877.36,297.73
             877.55,297.73 881.09,296.55 881.27,296.64
             881.45,296.73 887.55,295.18 887.64,295.27
             887.73,295.36 893.91,294.73 893.91,294.73
             893.91,294.73 899.91,293.64 899.91,293.64
             899.91,293.64 907.18,292.55 907.18,292.45
             907.18,292.36 913.27,291.45 913.27,291.45
             913.27,291.45 923.09,290.36 923.09,290.36
             923.09,290.36 932.00,289.55 932.00,289.55
             932.00,289.55 941.55,288.73 941.64,288.73
             941.73,288.73 953.36,287.45 953.55,287.45
             953.73,287.45 963.91,287.00 963.91,287.00
             963.91,287.00 973.64,286.00 973.73,286.00
             973.82,286.00 991.91,285.45 992.00,285.45
             992.09,285.45 1017.00,284.82 1017.00,284.82
             1017.00,284.82 1038.55,284.55 1038.55,284.55
             1038.55,284.55 1055.55,284.55 1055.55,284.55
             1055.55,284.55 1068.82,284.55 1068.82,284.55
             1068.82,284.55 1075.55,284.55 1075.55,284.55
             1075.55,284.55 1087.55,284.73 1087.55,284.73
             1087.55,284.73 1101.64,285.36 1101.64,285.36
             1101.64,285.36 1116.91,286.18 1116.91,286.18
             1116.91,286.18 1123.64,286.73 1123.64,286.73
             1123.64,286.73 1134.45,287.45 1134.73,287.45
             1135.00,287.45 1146.00,288.55 1146.00,288.55
             1146.00,288.55 1157.73,289.27 1157.73,289.27
             1157.73,289.27 1167.45,290.45 1167.45,290.45
             1167.45,290.45 1175.45,291.64 1175.45,291.64
             1175.45,291.64 1182.00,292.36 1182.09,292.45
             1182.18,292.55 1188.82,293.82 1189.00,293.82
             1189.18,293.82 1196.73,295.36 1196.73,295.36
             1196.73,295.36 1208.18,298.00 1208.18,298.09
             1208.18,298.18 1216.82,300.82 1216.82,300.82
             1216.82,300.82 1223.91,303.18 1224.00,303.18
             1224.09,303.18 1227.36,306.00 1227.55,306.09
             1227.73,306.18 1231.18,309.36 1231.18,309.36
             1231.18,309.36 1234.00,313.82 1234.00,313.82
             1234.00,313.82 1233.64,321.09 1233.64,321.09
             1233.64,321.09 1232.55,324.18 1232.73,324.27
             1232.91,324.36 1231.45,327.36 1231.45,327.36
             1231.45,327.36 1230.91,330.73 1230.91,330.73
             1230.91,330.73 1229.55,333.55 1229.55,333.73
             1229.55,333.91 1228.82,336.55 1228.82,336.55
             1228.82,336.55 1227.82,339.82 1227.82,339.82
             1227.82,339.82 1226.64,342.09 1226.64,342.09
             1226.64,342.09 1226.00,344.55 1226.00,344.55
             1226.00,344.55 1224.45,347.27 1224.45,347.36
             1224.45,347.45 1223.64,350.55 1223.64,350.64
             1223.64,350.73 1222.64,354.00 1222.64,354.00
             1222.64,354.00 1221.64,356.36 1221.64,356.36
             1221.64,356.36 1220.45,358.73 1220.45,358.73
             1220.45,358.73 1219.82,362.73 1219.82,362.73
             1219.82,362.73 1218.82,365.45 1218.82,365.55
             1218.82,365.64 1217.91,367.91 1217.91,368.00
             1217.91,368.09 1217.45,370.55 1217.36,370.64
             1217.27,370.73 1216.00,373.73 1216.00,373.73
             1216.00,373.73 1215.00,376.82 1215.00,376.82
             1215.00,376.82 1213.45,379.18 1213.45,379.18
             1213.45,379.18 1211.35,385.96 1211.35,385.96
             1211.35,385.96 1209.35,392.79 1209.35,392.79
             1209.35,392.79 1207.27,398.45 1207.27,398.45
             1207.27,398.45 1206.00,402.09 1206.00,402.09
             1206.00,402.09 1204.45,406.73 1204.45,406.73
             1204.45,406.73 1203.36,410.91 1203.27,411.09
             1203.18,411.27 1202.27,414.18 1202.27,414.18
             1202.27,414.18 1201.45,416.45 1201.45,416.55
             1201.45,416.64 1200.82,418.55 1200.82,418.64
             1200.82,418.73 1199.45,421.82 1199.55,421.82
             1199.64,421.82 1199.00,423.82 1199.00,423.91
             1199.00,424.00 1197.27,427.73 1197.27,427.73
             1197.27,427.73 1197.00,429.64 1196.91,429.82
             1196.82,430.00 1195.55,432.73 1195.55,432.73
             1195.55,432.73 1194.82,435.36 1194.82,435.36
             1194.82,435.36 1194.45,437.27 1194.55,437.27
             1194.64,437.27 1201.27,438.18 1201.27,438.18
             1201.27,438.18 1205.55,438.45 1205.55,438.45
             1205.55,438.45 1214.36,438.73 1214.36,438.73
             1214.36,438.73 1217.62,437.66 1217.62,437.66M 728.45,384.91
           C 728.45,384.91 719.09,384.64 719.09,384.64
             719.09,384.64 712.73,384.91 712.73,384.91
             712.73,384.91 708.45,385.18 708.45,385.18
             708.45,385.18 705.27,385.82 705.27,385.82
             705.27,385.82 702.91,386.45 702.91,386.45
             702.91,386.45 698.91,387.00 698.91,387.00
             698.91,387.00 696.91,387.91 696.82,388.00
             696.73,388.09 692.73,389.09 692.73,389.09
             692.73,389.09 687.82,391.45 687.73,391.45
             687.64,391.45 683.00,394.18 683.00,394.18
             683.00,394.18 678.55,398.09 678.64,398.09
             678.73,398.09 675.73,400.82 675.73,400.91
             675.73,401.00 673.00,404.64 673.00,404.64
             673.00,404.64 671.00,407.82 671.00,407.91
             671.00,408.00 669.36,411.64 669.36,411.64
             669.36,411.64 669.45,414.91 669.36,415.00
             669.27,415.09 669.55,419.27 669.55,419.36
             669.55,419.45 671.18,420.09 671.18,420.09
             671.18,420.09 675.09,420.55 675.09,420.55
             675.09,420.55 677.55,421.55 677.73,421.55
             677.91,421.55 680.09,422.00 680.18,422.00
             680.27,422.00 685.64,421.82 685.73,421.82
             685.82,421.82 690.09,421.82 690.09,421.82
             690.09,421.82 691.36,422.36 691.45,422.45
             691.55,422.55 685.91,427.91 685.91,427.91
             685.91,427.91 683.64,429.91 683.55,430.00
             683.45,430.09 682.09,431.18 682.00,431.18
             681.91,431.18 679.36,431.82 679.36,431.82
             679.36,431.82 676.64,431.82 676.55,431.82
             676.45,431.82 674.09,431.73 674.00,431.73
             673.91,431.73 670.55,432.45 670.55,432.45
             670.55,432.45 666.82,432.36 666.73,432.36
             666.64,432.36 664.18,432.36 664.18,432.36
             664.18,432.36 658.09,433.38 658.09,433.38
             658.09,433.38 654.06,434.47 654.03,434.47
             654.00,434.47 648.31,435.22 648.31,435.22
             648.31,435.22 643.69,435.69 643.69,435.69
             643.69,435.69 638.59,436.38 638.59,436.38
             638.59,436.38 629.09,437.36 629.09,437.36
             629.09,437.36 615.91,437.27 615.91,437.27
             615.91,437.27 593.00,437.73 592.91,437.73
             592.82,437.73 583.18,438.36 583.18,438.36
             583.18,438.36 566.18,438.91 566.18,438.82
             566.18,438.73 565.36,440.00 565.36,440.00
             565.36,440.00 560.36,439.91 560.36,439.91
             560.36,439.91 552.64,440.45 552.64,440.45
             552.64,440.45 544.18,440.55 544.18,440.55
             544.18,440.55 536.55,441.45 536.55,441.45
             536.55,441.45 527.36,442.27 527.36,442.27
             527.36,442.27 522.09,443.27 522.09,443.27
             522.09,443.27 517.56,443.50 517.56,443.50
             517.56,443.50 513.44,444.75 513.44,444.75
             513.44,444.75 505.12,445.25 505.06,445.31
             505.00,445.38 499.44,446.31 499.44,446.38
             499.44,446.44 495.44,447.44 495.44,447.44
             495.44,447.44 491.25,448.19 491.25,448.19
             491.25,448.19 487.12,449.12 487.12,449.12
             487.12,449.12 480.88,450.31 480.88,450.31
             480.88,450.31 474.62,451.62 474.62,451.62
             474.62,451.62 468.38,453.25 468.38,453.25
             468.38,453.25 460.69,455.19 460.69,455.19
             460.69,455.19 455.06,456.75 455.06,456.75
             455.06,456.75 444.06,460.44 444.06,460.44
             444.06,460.44 436.94,462.31 436.94,462.31
             436.94,462.31 430.94,464.19 430.94,464.19
             430.94,464.19 424.25,466.06 424.25,466.12
             424.25,466.19 419.19,468.38 419.12,468.44
             419.06,468.50 412.25,471.31 412.25,471.31
             412.25,471.31 407.19,473.62 407.19,473.62
             407.19,473.62 397.36,479.36 397.27,479.45
             397.18,479.55 392.27,482.45 392.18,482.45
             392.09,482.45 382.45,488.18 382.45,488.27
             382.45,488.36 375.91,492.91 375.91,492.91
             375.91,492.91 370.09,497.55 370.09,497.55
             370.09,497.55 365.36,500.91 365.36,501.00
             365.36,501.09 358.73,507.36 358.73,507.36
             358.73,507.36 353.45,512.82 353.45,512.91
             353.45,513.00 349.73,518.36 349.73,518.45
             349.73,518.55 345.36,524.73 345.36,524.73
             345.36,524.73 340.91,531.00 340.91,531.00
             340.91,531.00 338.55,536.45 338.55,536.45
             338.55,536.45 336.00,540.64 335.91,540.91
             335.82,541.18 333.09,546.45 333.09,546.45
             333.09,546.45 328.36,555.18 328.36,555.18
             328.36,555.18 326.36,558.36 326.36,558.36
             326.36,558.36 323.91,562.00 323.91,562.00
             323.91,562.00 312.38,575.44 312.38,575.50
             312.38,575.56 308.50,580.00 308.50,580.12
             308.50,580.25 301.27,588.73 301.27,588.73
             301.27,588.73 295.27,595.64 295.27,595.82
             295.27,596.00 288.36,606.18 288.36,606.18
             288.36,606.18 280.73,616.00 280.73,616.00
             280.73,616.00 276.18,626.18 276.18,626.18
             276.18,626.18 274.73,635.45 274.73,635.45
             274.73,635.45 274.18,645.82 274.18,645.82
             274.18,645.82 278.27,648.91 278.27,648.91
             278.27,648.91 281.73,651.18 282.00,651.09
             282.27,651.00 287.55,653.55 287.55,653.55
             287.55,653.55 293.55,655.91 293.64,655.91
             293.73,655.91 298.82,657.82 298.82,657.82
             298.82,657.82 304.55,661.00 304.64,661.09
             304.73,661.18 310.00,663.27 310.00,663.27
             310.00,663.27 315.73,665.45 315.73,665.45
             315.73,665.45 319.45,668.00 319.45,668.00
             319.45,668.00 324.00,674.09 324.00,674.09
             324.00,674.09 328.27,680.91 328.27,680.91
             328.27,680.91 331.36,686.73 331.36,686.73
             331.36,686.73 335.18,692.91 335.27,693.00
             335.36,693.09 338.18,698.55 338.18,698.55
             338.18,698.55 339.36,703.00 339.36,703.09
             339.36,703.18 339.00,712.56 339.00,712.62
             339.00,712.69 337.00,717.62 337.00,717.62
             337.00,717.62 335.81,721.00 335.81,721.00
             335.81,721.00 334.62,724.94 334.62,725.00
             334.62,725.06 333.94,727.94 333.94,728.06
             333.94,728.19 331.82,734.36 331.91,734.45
             332.00,734.55 330.64,740.18 330.64,740.18
             330.64,740.18 329.00,745.00 329.00,745.00
             329.00,745.00 327.82,750.73 327.82,750.73
             327.82,750.73 325.36,755.55 325.36,755.73
             325.36,755.91 325.55,759.00 325.45,759.00
             325.36,759.00 324.73,762.00 324.73,762.00
             324.73,762.00 324.18,764.18 324.18,764.18
             324.18,764.18 323.73,765.82 323.73,766.09
             323.73,766.36 323.18,769.27 323.18,769.27
             323.18,769.27 322.55,771.55 322.45,771.73
             322.36,771.91 321.27,773.55 321.27,773.55
             321.27,773.55 320.00,774.45 320.00,774.55
             320.00,774.64 314.64,772.27 314.55,772.27
             314.45,772.27 309.64,769.64 309.64,769.64
             309.64,769.64 304.91,767.00 304.73,767.00
             304.55,767.00 299.73,765.18 299.64,765.00
             299.55,764.82 294.64,762.00 294.64,762.00
             294.64,762.00 286.18,766.82 286.18,766.91
             286.18,767.00 284.09,768.36 283.91,768.36
             283.73,768.36 280.82,769.55 280.82,769.55
             280.82,769.55 277.64,771.64 277.64,771.73
             277.64,771.82 275.09,774.09 275.09,774.18
             275.09,774.27 272.36,776.64 272.36,776.73
             272.36,776.82 272.64,779.64 272.64,779.82
             272.64,780.00 274.91,782.73 274.91,782.73
             274.91,782.73 278.55,785.64 278.55,785.73
             278.55,785.82 281.82,788.55 281.82,788.55
             281.82,788.55 286.18,791.55 286.18,791.55
             286.18,791.55 291.27,794.55 291.36,794.73
             291.45,794.91 296.18,797.36 296.18,797.36
             296.18,797.36 301.45,799.55 301.55,799.64
             301.64,799.73 307.45,801.91 307.64,802.09
             307.82,802.27 312.00,802.27 312.00,802.27
             312.00,802.27 315.82,798.91 315.82,799.00
             315.82,799.09 318.09,796.91 318.09,796.91
             318.09,796.91 320.45,800.64 320.45,800.64
             320.45,800.64 326.00,800.18 326.00,800.27
             326.00,800.36 332.82,798.64 332.82,798.64
             332.82,798.64 339.18,796.64 339.27,796.64
             339.36,796.64 344.45,794.27 344.82,794.27
             345.18,794.27 352.00,791.82 352.09,791.82
             352.18,791.82 354.27,784.27 354.27,784.36
             354.27,784.45 355.82,775.55 355.82,775.55
             355.82,775.55 357.91,771.36 358.00,770.55
             358.09,769.73 359.18,763.55 359.27,763.18
             359.36,762.82 361.18,759.27 361.36,758.91
             361.55,758.55 363.27,752.27 363.27,752.27
             363.27,752.27 364.45,746.82 364.45,746.82
             364.45,746.82 366.36,742.55 366.45,742.27
             366.55,742.00 368.73,737.91 368.82,737.91
             368.91,737.91 370.27,735.36 370.27,735.36
             370.27,735.36 379.64,736.73 379.64,736.73
             379.64,736.73 386.55,736.36 387.64,736.55
             388.73,736.73 396.18,737.27 396.36,737.45
             396.55,737.64 403.27,737.64 403.64,737.64
             404.00,737.64 409.45,738.91 409.82,738.91
             410.18,738.91 418.18,740.00 418.36,740.00
             418.55,740.00 424.73,740.00 424.91,740.00
             425.09,740.00 435.09,740.36 435.27,740.36
             435.45,740.36 445.27,740.91 445.45,741.09
             445.64,741.27 453.09,741.64 453.09,741.64
             453.09,741.64 460.91,742.18 460.91,742.18
             460.91,742.18 469.64,742.91 469.82,743.09
             470.00,743.27 476.91,743.09 477.27,743.27
             477.64,743.45 484.55,743.82 484.73,744.00
             484.91,744.18 491.09,744.00 491.27,744.18
             491.45,744.36 499.09,744.91 499.45,744.91
             499.82,744.91 507.27,745.45 507.64,745.64
             508.00,745.82 516.91,745.82 517.27,745.82
             517.64,745.82 524.00,746.55 524.18,746.55
             524.36,746.55 530.73,746.55 530.91,746.73
             531.09,746.91 549.82,746.45 550.00,746.64
             550.18,746.82 559.09,747.55 559.27,747.45
             559.45,747.36 572.36,750.55 572.45,750.64
             572.55,750.73 580.00,752.91 580.00,752.91
             580.00,752.91 584.73,756.27 584.82,756.36
             584.91,756.45 590.55,761.55 590.55,761.55
             590.55,761.55 602.18,773.18 602.18,773.18
             602.18,773.18 606.55,778.09 606.55,778.09
             606.55,778.09 611.27,783.91 611.27,783.91
             611.27,783.91 616.09,789.36 616.09,789.36
             616.09,789.36 620.00,794.64 620.00,794.73
             620.00,794.82 622.36,799.82 622.55,799.91
             622.73,800.00 626.73,804.09 626.73,804.18
             626.73,804.27 629.09,808.18 629.09,808.18
             629.09,808.18 635.55,817.82 635.64,817.82
             635.73,817.82 641.73,823.45 641.73,823.45
             641.73,823.45 646.91,827.55 647.09,827.64
             647.27,827.73 654.73,831.00 654.91,831.18
             655.09,831.36 662.18,833.27 662.27,833.27
             662.36,833.27 674.50,836.25 674.50,836.25
             674.50,836.25 687.75,836.38 687.75,836.38
             687.75,836.38 700.38,836.12 700.75,836.12
             701.12,836.12 714.25,836.25 714.38,836.25
             714.50,836.25 724.50,835.50 724.75,835.50
             725.00,835.50 743.50,835.50 743.62,835.50
             743.75,835.50 755.12,836.00 755.38,836.00
             755.62,836.00 765.50,835.25 765.88,835.25
             766.25,835.25 779.75,835.25 780.00,835.25
             780.25,835.25 821.00,833.75 821.00,833.75
             821.00,833.75 833.62,834.00 834.12,834.00
             834.62,834.00 856.12,833.00 857.12,833.00
             858.12,833.00 868.12,833.00 869.00,833.00
             869.88,833.00 882.25,831.38 882.38,831.38
             882.50,831.38 893.25,831.00 894.62,831.00
             896.00,831.00 908.38,827.75 908.62,827.75
             908.88,827.75 917.88,825.62 918.00,825.62
             918.12,825.62 951.25,822.25 951.25,822.25
             951.25,822.25 962.75,820.50 962.75,820.50
             962.75,820.50 982.38,815.62 982.75,815.62
             983.12,815.62 984.88,813.00 985.00,813.00
             985.12,813.00 984.75,800.25 984.75,800.25
             984.75,800.25 984.75,787.00 984.75,787.00
             984.75,787.00 985.75,777.25 985.75,776.75
             985.75,776.25 985.75,765.50 986.00,765.50
             986.25,765.50 987.00,756.75 987.00,756.75
             987.00,756.75 986.75,748.00 986.75,748.00
             986.75,748.00 987.25,737.75 987.25,737.50
             987.25,737.25 989.25,729.50 989.25,728.75
             989.25,728.00 990.00,719.50 990.00,719.25
             990.00,719.00 991.64,706.18 991.64,706.18
             991.64,706.18 993.45,697.09 993.45,697.09
             993.45,697.09 994.00,689.09 994.00,689.09
             994.00,689.09 998.45,683.91 998.45,683.91
             998.45,683.91 1005.36,680.45 1005.45,680.45
             1005.55,680.45 1012.09,677.00 1012.18,677.00
             1012.27,677.00 1017.82,674.82 1017.82,674.82
             1017.82,674.82 1019.22,665.09 1019.26,665.13
             1019.30,665.17 1019.70,659.57 1019.70,659.48
             1019.70,659.39 1020.70,654.91 1020.70,654.91
             1020.70,654.91 1024.00,646.45 1024.00,646.45
             1024.00,646.45 1024.00,639.45 1024.09,639.45
             1024.18,639.45 1025.09,631.55 1025.18,631.55
             1025.27,631.55 1028.45,624.00 1028.64,624.00
             1028.82,624.00 1030.78,618.25 1030.88,618.25
             1030.97,618.25 1032.44,613.44 1032.50,613.44
             1032.56,613.44 1034.69,609.88 1034.75,609.88
             1034.81,609.88 1034.44,604.06 1034.44,604.06
             1034.44,604.06 1022.62,604.44 1022.62,604.44
             1022.62,604.44 1016.19,603.81 1016.19,603.81
             1016.19,603.81 1008.44,603.19 1008.44,603.19
             1008.44,603.19 1000.00,599.38 1000.00,599.31
             1000.00,599.25 992.50,593.38 992.19,593.38
             991.88,593.38 987.75,591.06 987.75,591.06
             987.75,591.06 980.38,587.00 980.38,587.00
             980.38,587.00 962.50,587.12 962.50,587.12
             962.50,587.12 951.75,586.25 951.75,586.25
             951.75,586.25 938.00,580.25 938.00,580.25
             938.00,580.25 921.27,588.45 921.27,588.45
             921.27,588.45 904.09,594.73 904.09,594.73
             904.09,594.73 882.09,598.64 882.09,598.64
             882.09,598.64 860.18,602.45 860.18,602.45
             860.18,602.45 834.64,605.18 834.64,605.18
             834.64,605.18 820.00,605.82 820.09,605.82
             820.18,605.82 802.82,607.27 802.82,607.27
             802.82,607.27 788.00,607.64 788.00,607.64
             788.00,607.64 773.64,607.82 773.64,607.82
             773.64,607.82 764.64,607.45 764.64,607.45
             764.64,607.45 760.18,607.00 760.18,607.00
             760.18,607.00 758.18,605.73 757.73,605.73
             757.27,605.73 754.64,604.55 754.64,604.55
             754.64,604.55 752.55,603.45 752.45,603.45
             752.36,603.45 751.27,602.55 751.27,602.55
             751.27,602.55 751.55,595.73 751.64,595.73
             751.73,595.73 752.27,592.82 752.27,592.82
             752.27,592.82 754.27,590.27 754.36,590.27
             754.45,590.27 757.00,588.00 757.00,588.00
             757.00,588.00 760.00,584.45 760.00,584.45
             760.00,584.45 763.18,581.73 763.18,581.73
             763.18,581.73 767.00,578.82 767.00,578.82
             767.00,578.82 769.00,577.18 769.00,577.18
             769.00,577.18 764.45,573.82 764.45,573.82
             764.45,573.82 760.45,572.00 760.45,572.00
             760.45,572.00 754.64,572.27 754.45,572.27
             754.27,572.27 749.91,572.36 749.91,572.36
             749.91,572.36 742.18,572.91 742.18,572.91
             742.18,572.91 737.36,575.55 737.36,575.55
             737.36,575.55 733.55,577.36 733.45,577.45
             733.36,577.55 728.27,580.18 728.27,580.18
             728.27,580.18 723.45,583.00 723.45,583.00
             723.45,583.00 719.18,585.18 719.18,585.27
             719.18,585.36 713.82,586.00 713.64,586.18
             713.45,586.36 708.55,587.82 708.45,587.91
             708.36,588.00 704.55,589.45 704.45,589.45
             704.36,589.45 701.91,590.36 701.91,590.36
             701.91,590.36 704.09,591.91 704.18,592.00
             704.27,592.09 701.00,594.09 700.91,594.09
             700.82,594.09 698.18,595.55 698.18,595.55
             698.18,595.55 690.09,600.00 690.27,600.00
             690.45,600.00 682.55,602.09 682.55,602.27
             682.55,602.45 674.00,605.09 673.91,605.18
             673.82,605.27 666.45,607.36 666.36,607.36
             666.27,607.36 660.55,608.73 660.55,608.73
             660.55,608.73 655.27,610.00 655.18,610.00
             655.09,610.00 649.27,611.27 649.36,611.36
             649.45,611.45 644.18,611.91 644.09,611.82
             644.00,611.73 636.64,612.91 636.64,612.91
             636.64,612.91 617.91,613.91 617.91,613.91
             617.91,613.91 601.27,614.91 601.27,614.91
             601.27,614.91 571.45,615.64 571.45,615.64
             571.45,615.64 551.45,615.73 551.45,615.73
             551.45,615.73 519.27,615.91 519.27,615.91
             519.27,615.91 498.36,614.82 498.36,614.82
             498.36,614.82 487.27,614.55 487.27,614.55
             487.27,614.55 473.82,613.73 473.82,613.73
             473.82,613.73 457.82,612.55 457.82,612.55
             457.82,612.55 444.36,611.82 444.27,611.82
             444.18,611.82 430.82,610.64 430.91,610.64
             431.00,610.64 421.64,609.64 421.64,609.64
             421.64,609.64 414.27,608.27 414.27,608.36
             414.27,608.45 406.45,607.73 406.45,607.73
             406.45,607.73 400.27,606.64 400.27,606.64
             400.27,606.64 396.45,605.91 396.45,605.91
             396.45,605.91 389.73,604.45 389.73,604.45
             389.73,604.45 385.27,603.91 385.27,603.91
             385.27,603.91 381.27,602.82 381.27,602.82
             381.27,602.82 378.55,602.09 378.55,602.09
             378.55,602.09 375.91,600.64 375.91,600.64
             375.91,600.64 372.73,598.64 372.64,598.64
             372.55,598.64 370.64,597.27 370.64,597.27
             370.64,597.27 369.82,593.36 369.82,593.36
             369.82,593.36 370.55,587.55 370.55,587.55
             370.55,587.55 371.27,582.73 371.27,582.73
             371.27,582.73 373.82,578.64 373.82,578.64
             373.82,578.64 376.18,577.91 376.27,577.91
             376.36,577.91 379.64,578.09 379.64,578.09
             379.64,578.09 382.18,579.55 382.18,579.55
             382.18,579.55 384.82,581.18 384.82,581.18
             384.82,581.18 387.55,583.27 387.55,583.36
             387.55,583.45 393.36,584.91 393.36,585.00
             393.36,585.09 399.64,587.73 399.64,587.73
             399.64,587.73 390.27,580.82 390.27,580.82
             390.27,580.82 389.64,577.73 389.64,577.64
             389.64,577.55 389.55,574.73 389.55,574.73
             389.55,574.73 390.18,572.00 390.18,572.00
             390.18,572.00 391.55,568.91 391.55,568.91
             391.55,568.91 393.36,565.91 393.36,565.91
             393.36,565.91 386.91,562.27 386.91,562.27
             386.91,562.27 383.27,560.64 383.27,560.64
             383.27,560.64 377.27,559.36 377.27,559.36
             377.27,559.36 373.00,563.75 373.00,563.75
             373.00,563.75 369.88,568.25 369.88,568.25
             369.88,568.25 367.38,572.50 367.38,572.62
             367.38,572.75 364.25,577.00 364.25,577.12
             364.25,577.25 362.38,580.38 362.38,580.62
             362.38,580.88 359.62,584.38 359.38,584.38
             359.12,584.38 356.00,587.25 356.00,587.38
             356.00,587.50 353.62,589.75 353.62,589.75
             353.62,589.75 349.62,591.00 349.62,591.00
             349.62,591.00 343.88,590.88 343.88,590.88
             343.88,590.88 338.50,589.50 338.50,589.50
             338.50,589.50 333.75,587.50 333.75,587.50
             333.75,587.50 327.75,585.75 327.75,585.75
             327.75,585.75 323.38,582.12 323.38,582.12
             323.38,582.12 320.62,579.38 320.62,579.25
             320.62,579.12 320.12,574.62 320.12,574.62
             320.12,574.62 321.25,570.62 321.25,570.62
             321.25,570.62 323.88,566.62 323.88,566.62
             323.88,566.62 327.38,562.38 327.38,562.38
             327.38,562.38 329.50,558.25 329.50,558.25
             329.50,558.25 332.38,555.25 332.38,555.25
             332.38,555.25 336.62,550.12 336.62,550.00
             336.62,549.88 341.38,544.50 341.38,544.50
             341.38,544.50 345.50,539.88 345.50,539.88
             345.50,539.88 349.50,535.25 349.50,535.25
             349.50,535.25 353.88,531.12 353.88,531.12
             353.88,531.12 357.38,526.62 357.38,526.62
             357.38,526.62 361.12,521.75 361.12,521.75
             361.12,521.75 365.25,517.38 365.25,517.38
             365.25,517.38 365.38,512.50 365.38,512.50
             365.38,512.50 367.50,509.88 367.50,509.88
             367.50,509.88 369.50,507.12 369.75,507.12
             370.00,507.12 372.75,505.25 372.75,505.25
             372.75,505.25 376.38,501.50 376.38,501.50
             376.38,501.50 379.25,499.00 379.25,499.00
             379.25,499.00 389.26,489.43 389.30,489.43
             389.35,489.43 395.57,483.61 395.57,483.61
             395.57,483.61 403.64,476.55 403.64,476.55
             403.64,476.55 409.55,476.09 409.82,476.09
             410.09,476.09 411.55,477.00 411.64,477.00
             411.73,477.00 413.27,479.00 413.27,479.09
             413.27,479.18 414.00,481.73 414.09,481.73
             414.18,481.73 413.64,487.27 413.64,487.27
             413.64,487.27 412.82,490.18 412.82,490.27
             412.82,490.36 411.45,493.45 411.45,493.45
             411.45,493.45 410.55,495.55 410.55,495.64
             410.55,495.73 409.45,499.00 409.45,499.00
             409.45,499.00 408.55,501.55 408.55,501.55
             408.55,501.55 407.27,503.73 407.27,503.82
             407.27,503.91 405.64,506.45 405.64,506.55
             405.64,506.64 404.27,509.27 404.27,509.27
             404.27,509.27 401.75,514.12 401.75,514.12
             401.75,514.12 399.75,517.69 399.75,517.69
             399.75,517.69 397.94,521.12 397.94,521.19
             397.94,521.25 395.31,526.19 395.31,526.25
             395.31,526.31 392.88,529.62 392.88,529.75
             392.88,529.88 390.94,533.50 390.94,533.50
             390.94,533.50 388.25,538.00 388.25,538.06
             388.25,538.12 386.94,541.06 386.94,541.12
             386.94,541.19 384.56,543.56 384.56,543.69
             384.56,543.81 382.88,547.50 382.88,547.50
             382.88,547.50 381.31,551.31 381.31,551.31
             381.31,551.31 379.19,555.06 379.19,555.12
             379.19,555.19 381.00,557.38 381.00,557.38
             381.00,557.38 384.12,557.75 384.12,557.75
             384.12,557.75 387.19,558.94 387.19,558.94
             387.19,558.94 389.31,560.12 389.31,560.12
             389.31,560.12 391.94,561.44 392.00,561.50
             392.06,561.56 393.25,562.50 393.25,562.56
             393.25,562.62 394.88,563.56 394.88,563.56
             394.88,563.56 396.31,563.56 396.31,563.56
             396.31,563.56 398.36,565.45 398.36,565.45
             398.36,565.45 395.82,568.27 395.82,568.27
             395.82,568.27 394.18,572.73 394.18,572.73
             394.18,572.73 394.09,574.82 394.09,575.00
             394.09,575.18 394.45,579.45 394.45,579.45
             394.45,579.45 396.73,581.73 396.82,581.82
             396.91,581.91 401.18,584.09 401.18,584.09
             401.18,584.09 406.73,585.73 406.73,585.73
             406.73,585.73 413.18,587.55 413.27,587.55
             413.36,587.55 418.09,588.64 418.27,588.64
             418.45,588.64 426.64,589.91 426.73,589.91
             426.82,589.91 432.64,590.73 432.64,590.73
             432.64,590.73 444.00,591.73 444.00,591.82
             444.00,591.91 454.18,593.09 454.27,593.00
             454.36,592.91 468.82,594.09 468.82,594.09
             468.82,594.09 488.00,595.64 488.09,595.64
             488.18,595.64 547.09,597.09 547.09,597.09
             547.09,597.09 586.55,597.27 586.73,597.27
             586.91,597.27 621.82,596.36 622.00,596.36
             622.18,596.36 641.64,596.00 641.64,596.00
             641.64,596.00 677.27,591.09 677.27,591.09
             677.27,591.09 693.09,587.82 693.45,587.82
             693.82,587.82 704.91,584.18 705.27,584.18
             705.64,584.18 715.64,580.55 715.82,580.55
             716.00,580.55 725.64,576.55 726.00,576.36
             726.36,576.18 734.73,571.09 734.91,571.09
             735.09,571.09 739.55,568.82 739.55,568.82
             739.55,568.82 748.36,569.82 748.36,569.82
             748.36,569.82 753.27,569.64 753.36,569.64
             753.45,569.64 756.91,569.18 756.91,569.18
             756.91,569.18 759.36,569.27 759.64,569.36
             759.91,569.45 764.00,569.73 764.00,569.73
             764.00,569.73 766.64,570.73 766.73,570.73
             766.82,570.73 771.64,573.73 771.73,573.82
             771.82,573.91 784.00,564.81 784.06,564.81
             784.12,564.81 794.56,557.00 794.56,557.00
             794.56,557.00 802.25,551.44 802.31,551.44
             802.38,551.44 813.69,544.12 813.75,544.12
             813.81,544.12 830.12,533.69 830.12,533.69
             830.12,533.69 838.31,529.25 838.31,529.25
             838.31,529.25 858.44,517.56 858.44,517.56
             858.44,517.56 868.00,512.50 868.00,512.50
             868.00,512.50 875.31,508.81 875.38,508.81
             875.44,508.81 881.56,506.31 881.62,506.31
             881.69,506.31 886.75,504.00 886.81,504.00
             886.88,504.00 894.94,500.75 894.94,500.75
             894.94,500.75 908.06,495.50 908.06,495.50
             908.06,495.50 917.44,492.25 917.50,492.19
             917.56,492.12 925.88,489.69 925.88,489.69
             925.88,489.69 931.81,488.56 931.88,488.56
             931.94,488.56 937.38,486.69 937.38,486.69
             937.38,486.69 944.25,485.12 944.62,485.12
             945.00,485.12 950.94,484.31 951.12,484.31
             951.31,484.31 955.56,483.88 955.62,483.88
             955.69,483.88 977.78,483.52 977.78,483.52
             977.78,483.52 981.78,483.57 981.83,483.57
             981.87,483.57 985.74,485.00 985.78,485.04
             985.83,485.09 990.52,487.13 990.57,487.13
             990.61,487.13 993.78,489.70 993.83,489.70
             993.87,489.70 998.27,495.91 998.27,495.91
             998.27,495.91 999.73,500.91 999.73,500.91
             999.73,500.91 999.55,509.64 999.55,509.64
             999.55,509.64 998.64,513.09 998.55,513.18
             998.45,513.27 996.27,517.82 996.27,518.00
             996.27,518.18 995.55,521.00 995.45,521.09
             995.36,521.18 993.00,525.27 993.00,525.45
             993.00,525.64 986.88,533.94 986.88,533.94
             986.88,533.94 981.81,540.75 981.81,540.88
             981.81,541.00 976.81,546.50 976.81,546.62
             976.81,546.75 972.94,550.88 972.94,550.94
             972.94,551.00 964.44,558.50 964.44,558.56
             964.44,558.62 958.56,564.75 958.56,564.81
             958.56,564.88 952.19,569.44 952.12,569.56
             952.06,569.69 948.94,572.25 948.94,572.25
             948.94,572.25 942.19,577.38 942.25,577.38
             942.31,577.38 946.12,579.81 946.12,579.88
             946.12,579.94 949.50,581.38 949.50,581.38
             949.50,581.38 954.00,582.69 954.06,582.69
             954.12,582.69 959.56,582.75 959.56,582.75
             959.56,582.75 968.69,582.44 968.75,582.44
             968.81,582.44 987.62,581.69 987.69,581.69
             987.75,581.69 999.06,580.19 999.12,580.25
             999.19,580.31 1009.35,579.43 1009.35,579.48
             1009.35,579.52 1023.48,577.52 1023.52,577.52
             1023.57,577.52 1033.26,576.65 1033.26,576.65
             1033.26,576.65 1039.94,576.34 1039.94,576.34
             1039.94,576.34 1043.03,575.28 1043.03,575.28
             1043.03,575.28 1049.45,574.27 1049.45,574.27
             1049.45,574.27 1053.91,568.64 1054.00,568.73
             1054.09,568.82 1058.73,560.91 1058.73,560.91
             1058.73,560.91 1063.64,556.55 1063.82,556.27
             1064.00,556.00 1069.82,548.73 1069.82,548.73
             1069.82,548.73 1078.00,541.64 1078.00,541.64
             1078.00,541.64 1088.55,533.91 1088.64,533.91
             1088.73,533.91 1097.00,529.27 1097.27,529.27
             1097.55,529.27 1106.73,524.82 1106.73,524.82
             1106.73,524.82 1120.27,523.45 1120.27,523.45
             1120.27,523.45 1133.55,523.73 1133.55,523.73
             1133.55,523.73 1141.82,525.45 1141.82,525.45
             1141.82,525.45 1148.64,527.91 1148.64,527.91
             1148.64,527.91 1154.73,532.00 1154.73,532.00
             1154.73,532.00 1163.82,539.00 1163.91,539.00
             1164.00,539.00 1168.45,543.36 1168.55,543.36
             1168.64,543.36 1172.45,547.73 1172.45,547.73
             1172.45,547.73 1177.18,553.82 1177.27,553.82
             1177.36,553.82 1184.00,563.36 1184.00,563.36
             1184.00,563.36 1187.73,570.18 1187.73,570.18
             1187.73,570.18 1190.82,577.73 1190.82,577.73
             1190.82,577.73 1198.18,598.91 1198.18,599.09
             1198.18,599.27 1200.55,608.55 1200.73,608.91
             1200.91,609.27 1202.00,616.00 1202.00,616.00
             1202.00,616.00 1208.50,638.12 1208.50,638.25
             1208.50,638.38 1211.50,653.75 1211.50,653.75
             1211.50,653.75 1214.38,667.25 1214.38,667.25
             1214.38,667.25 1214.50,674.00 1214.62,675.25
             1214.75,676.50 1215.12,702.50 1215.12,702.62
             1215.12,702.75 1213.88,708.38 1213.88,708.62
             1213.88,708.88 1213.50,716.12 1213.50,716.25
             1213.50,716.38 1213.75,718.75 1213.75,718.75
             1213.75,718.75 1220.50,715.88 1220.50,715.88
             1220.50,715.88 1225.38,713.62 1225.38,713.62
             1225.38,713.62 1231.12,712.00 1231.12,712.00
             1231.12,712.00 1230.62,682.50 1230.62,682.50
             1230.62,682.50 1232.12,651.75 1232.12,651.75
             1232.12,651.75 1233.00,631.00 1233.00,631.00
             1233.00,631.00 1234.41,602.32 1232.88,605.50
             1232.88,605.50 1233.00,600.38 1233.00,600.38
             1233.00,600.38 1233.38,594.75 1233.38,594.62
             1233.38,594.50 1232.62,585.12 1232.88,585.12
             1233.12,585.12 1233.00,577.00 1233.00,577.00
             1233.00,577.00 1233.38,565.38 1233.38,565.38
             1233.38,565.38 1232.75,552.12 1232.75,552.12
             1232.75,552.12 1231.50,539.62 1231.50,539.62
             1231.50,539.62 1231.25,529.00 1231.25,529.00
             1231.25,529.00 1230.00,519.50 1230.00,519.50
             1230.00,519.50 1228.88,510.38 1228.88,510.38
             1228.88,510.38 1227.88,502.62 1228.00,502.38
             1228.12,502.12 1227.50,497.75 1227.50,497.62
             1227.50,497.50 1227.62,490.50 1227.50,490.50
             1227.38,490.50 1225.12,483.25 1225.12,483.00
             1225.12,482.75 1224.50,477.00 1224.50,476.88
             1224.50,476.75 1223.00,472.62 1223.00,472.25
             1223.00,471.88 1222.00,466.25 1222.00,466.25
             1222.00,466.25 1221.12,461.00 1221.12,461.00
             1221.12,461.00 1219.00,452.88 1219.00,452.50
             1219.00,452.12 1217.62,445.75 1217.62,445.75
             1217.62,445.75 1215.50,438.88 1215.50,438.88
             1215.50,438.88 1185.38,438.62 1185.38,438.62
             1185.38,438.62 1165.12,437.88 1165.12,437.88
             1165.12,437.88 1159.50,438.12 1159.12,438.12
             1158.75,438.12 1149.25,437.88 1149.25,437.88
             1149.25,437.88 1144.25,437.50 1144.12,437.50
             1144.00,437.50 1137.88,437.62 1137.88,437.62
             1137.88,437.62 1129.38,437.25 1129.38,437.25
             1129.38,437.25 1118.38,436.62 1118.38,436.62
             1118.38,436.62 1093.38,434.88 1093.38,434.88
             1093.38,434.88 1078.12,434.62 1077.88,434.50
             1077.62,434.38 1062.88,434.38 1062.75,434.38
             1062.62,434.38 1052.00,433.75 1051.75,433.75
             1051.50,433.75 1038.38,433.00 1037.12,433.00
             1035.88,433.00 1025.25,432.38 1024.38,432.38
             1023.50,432.38 1013.12,431.88 1013.00,431.88
             1012.88,431.88 1000.50,431.38 1000.25,431.38
             1000.00,431.38 990.38,431.38 990.25,431.38
             990.12,431.38 973.75,430.62 973.88,430.62
             974.00,430.62 955.38,429.75 955.38,429.88
             955.38,430.00 938.25,430.50 938.25,430.50
             938.25,430.50 919.50,429.62 919.50,429.62
             919.50,429.62 906.75,429.50 906.62,429.62
             906.50,429.75 889.38,429.38 889.38,429.38
             889.38,429.38 869.75,429.38 869.75,429.38
             869.75,429.38 850.25,429.50 850.25,429.50
             850.25,429.50 835.00,429.00 835.00,429.00
             835.00,429.00 821.88,428.50 821.88,428.50
             821.88,428.50 798.50,429.00 798.50,429.00
             798.50,429.00 783.62,429.12 783.50,429.12
             783.38,429.12 770.00,429.12 770.00,429.12
             770.00,429.12 754.00,429.00 753.88,429.12
             753.75,429.25 737.12,429.62 737.12,429.62
             737.12,429.62 715.62,430.62 715.50,430.62
             715.38,430.62 685.65,430.39 685.65,430.39
             685.65,430.39 693.35,422.48 693.35,422.48
             693.35,422.48 703.61,411.83 703.61,411.83
             703.61,411.83 709.09,406.78 709.09,406.78
             709.09,406.78 718.00,399.52 718.00,399.52
             718.00,399.52 723.70,394.43 723.74,394.43
             723.78,394.43 733.04,386.43 733.13,386.43
             733.22,386.43 728.45,384.91 728.45,384.91M 941.88,577.81" />
</svg>
